# Data file produced by Principal Components
#	Input raster(s):
#		E:\Clark\Spring2025\Github_Courses\geog-247_Statistics\docs\Labs\Lab07\rs\LC08_044034_20170614_B1.tif\Band_1
#		E:\Clark\Spring2025\Github_Courses\geog-247_Statistics\docs\Labs\Lab07\rs\LC08_044034_20170614_B2.tif\Band_1
#		E:\Clark\Spring2025\Github_Courses\geog-247_Statistics\docs\Labs\Lab07\rs\LC08_044034_20170614_B3.tif\Band_1
#		E:\Clark\Spring2025\Github_Courses\geog-247_Statistics\docs\Labs\Lab07\rs\LC08_044034_20170614_B4.tif\Band_1
#		E:\Clark\Spring2025\Github_Courses\geog-247_Statistics\docs\Labs\Lab07\rs\LC08_044034_20170614_B5.tif\Band_1
#		E:\Clark\Spring2025\Github_Courses\geog-247_Statistics\docs\Labs\Lab07\rs\LC08_044034_20170614_B6.tif\Band_1
#		E:\Clark\Spring2025\Github_Courses\geog-247_Statistics\docs\Labs\Lab07\rs\LC08_044034_20170614_B7.tif\Band_1
#		E:\Clark\Spring2025\Github_Courses\geog-247_Statistics\docs\Labs\Lab07\rs\LC08_044034_20170614_B8.tif\Band_1
#		E:\Clark\Spring2025\Github_Courses\geog-247_Statistics\docs\Labs\Lab07\rs\LC08_044034_20170614_B9.tif\Band_1
#	The number of components = 9
#	Output raster(s):
#		E:\Clark\Spring2025\Github_Courses\geog-247_Statistics\docs\Lectures\Week12\ArcGISPro\ArcGISPro.gdb\Princip_2


#                    COVARIANCE MATRIX

#    Layer             1             2             3             4             5             6             7             8             9
#  --------------------------------------------------------------------------
        1       2.800772e-04  3.585283e-04  4.363039e-04  6.485884e-04 -4.395195e-05  6.123870e-04  5.668401e-04  4.609423e-04  4.786163e-07
        2       3.585283e-04  4.917288e-04  6.461762e-04  1.043211e-03  2.570421e-04  1.157304e-03  8.878860e-04  7.178134e-04  9.789453e-07
        3       4.363039e-04  6.461762e-04  9.538338e-04  1.609256e-03  1.225295e-03  2.100178e-03  1.356846e-03  1.085093e-03  1.868751e-06
        4       6.485884e-04  1.043211e-03  1.609256e-03  2.991790e-03  2.199320e-03  4.220994e-03  2.646925e-03  1.948327e-03  3.804932e-06
        5      -4.395195e-05  2.570421e-04  1.225295e-03  2.199320e-03  1.247308e-02  6.662813e-03  2.365394e-03  1.423122e-03  5.876789e-06
        6       6.123870e-04  1.157304e-03  2.100178e-03  4.220994e-03  6.662813e-03  9.184675e-03  5.703068e-03  2.652014e-03  7.165709e-06
        7       5.668401e-04  8.878860e-04  1.356846e-03  2.646925e-03  2.365394e-03  5.703068e-03  4.354586e-03  1.678138e-03  4.002172e-06
        8       4.609423e-04  7.178134e-04  1.085093e-03  1.948327e-03  1.423122e-03  2.652014e-03  1.678138e-03  1.530138e-03  2.499283e-06
        9       4.786163e-07  9.789453e-07  1.868751e-06  3.804932e-06  5.876789e-06  7.165709e-06  4.002172e-06  2.499283e-06  5.871843e-08
#  ==========================================================================


#                    CORRELATION MATRIX

#    Layer             1             2             3             4             5             6             7             8             9
#  --------------------------------------------------------------------------
        1            1.00000       0.96610       0.84414       0.70854      -0.02352       0.38182       0.51327       0.70411       0.11802
        2            0.96610       1.00000       0.94352       0.86009       0.10379       0.54457       0.60677       0.82753       0.18218
        3            0.84414       0.94352       1.00000       0.95263       0.35524       0.70956       0.66576       0.89818       0.24971
        4            0.70854       0.86009       0.95263       1.00000       0.36003       0.80523       0.73334       0.91061       0.28707
        5           -0.02352       0.10379       0.35524       0.36003       1.00000       0.62250       0.32095       0.32575       0.21715
        6            0.38182       0.54457       0.70956       0.80523       0.62250       1.00000       0.90179       0.70742       0.30856
        7            0.51327       0.60677       0.66576       0.73334       0.32095       0.90179       1.00000       0.65011       0.25029
        8            0.70411       0.82753       0.89818       0.91061       0.32575       0.70742       0.65011       1.00000       0.26367
        9            0.11802       0.18218       0.24971       0.28707       0.21715       0.30856       0.25029       0.26367       1.00000
#  ==========================================================================


#                 EIGENVALUES AND EIGENVECTORS

# Number of Input Layers     Number of Principal Component Layers
            9                              9
# PC Layer             1             2             3             4             5             6             7             8             9
#  --------------------------------------------------------------------------
# Eigenvalues
                     0.02243       0.00744       0.00180       0.00034       0.00019       0.00005       0.00001       0.00000       0.00000
# Eigenvectors
# Input Layer
        1            0.04095       0.11558       0.19546       0.42661       0.11104       0.40898       0.36387       0.67288      -0.00376
        2            0.07795       0.15206       0.26805       0.34863       0.16573       0.35024       0.30083      -0.73263       0.00527
        3            0.14976       0.15422       0.36375       0.23555       0.22432       0.11441      -0.83639       0.05512       0.00031
        4            0.28436       0.30148       0.48919      -0.28807       0.38193      -0.52780       0.27372       0.08119      -0.00170
        5            0.60086      -0.76396       0.10913       0.17540      -0.02154      -0.10128       0.04351      -0.00667      -0.00010
        6            0.61143       0.26050      -0.34212      -0.45466       0.10252       0.47232      -0.02618       0.01583      -0.00036
        7            0.34663       0.39635      -0.45464       0.55713      -0.14995      -0.42735      -0.00584      -0.02269       0.00014
        8            0.18419       0.20065       0.42740      -0.10058      -0.85472       0.04940       0.00520       0.00216      -0.00046
        9            0.00050       0.00015       0.00019      -0.00107      -0.00022      -0.00100       0.00051       0.00651       0.99998
#  ==========================================================================

#                 PERCENT AND ACCUMULATIVE EIGENVALUES

# PC Layer   EigenValue   Percent of EigenValues   Accumulative of EigenValues
        1       0.02243          69.5304               69.5304
        2       0.00744          23.0640               92.5944
        3       0.00180           5.5797               98.1742
        4       0.00034           1.0442               99.2184
        5       0.00019           0.5823               99.8007
        6       0.00005           0.1663               99.9670
        7       0.00001           0.0300               99.9970
        8       0.00000           0.0029               99.9998
        9       0.00000           0.0002              100.0000
#  ==========================================================================
